0.17957450193352997
0.49216157430782914
0.30469758505932987
0.7455078363418579
0.7408448460046202
0.42713248869404197
0.4224528146442026
0.5478107100352645
0.815110030816868
0.08779843198135495
0.050412314711138606
0.7004055660218
0.590313276508823
0.7661704267375171
0.16010580747388303
0.36831406224519014
0.1784281071741134
0.20644226530566812
0.1441331140231341
0.622689601033926
0.22599301883019507
0.8451638496480882
0.9545308535452932
0.8201508251950145
0.24827895988710225
0.6695785936899483
0.3319594550412148
0.436216676607728
0.23396462411619723
0.42849988816305995
0.7975854815449566
0.7122180173173547
0.31719455611892045
0.18010162794962525
0.3295342668425292
0.7250608131289482
0.5638950692955405
0.410997801925987
0.8957878646906465
0.7392158797010779
0.16922297631390393
0.2109861453063786
0.2654033105354756
0.9503101911395788
0.6130221320781857
0.23783085448667407
0.7699261957313865
0.9796947510913014
0.5701627891976386
0.45645936438813806
